WL6,SOD,SD2,SD3
20002,20002,22002,22002
21002,20002,22002,22002
20003,20003,22003,22003
21003,20003,22003,22003
20004,20004,22004,22004
20005,20005,22005,22005
20201,20201,22201,22201
21201,20201,22201,22201
20202,20202,22202,22202
21202,20202,22202,22202
20203,20203,22203,22203
21203,20203,22203,22203
20204,20204,22204,22204
20205,20205,22205,22205
21106,21106,22106,23106
21125,21125,22125,22125
21142,21142,22142,22142
21161,21161,22161,22161
21107,21107,22107,22107
21143,21143,22143,22143
21023,21023,21223,21223
21024,21024,21224,21224
21025,21025,21225,21225
21026,21026,21226,21226
21027,21027,21227,21227
21028,21028,21228,21228
21029,21029,21229,21229
21030,21030,21230,21230
21031,21031,21231,21231
21032,21032,21232,21232
21033,21133,21233,21233
21034,21034,21234,21234
21035,21035,21235,21235
21036,21036,21236,21236
21037,21037,21237,21237
21038,21138,21238,21238
21039,21039,21239,21239
21040,21040,21240,21240
21041,21041,21241,21241
21042,21042,21242,21242
21043,21043,21243,21243
21044,21044,21244,21244
21045,21145,21245,21245
21046,21046,21246,21246
21047,21047,21247,21247
21048,21048,21248,21248
21049,21049,21249,21249
21050,21050,21250,21250
21051,21151,21251,21251
21052,21052,21252,21252
21053,21053,21253,21253
21054,21054,21254,21254
21055,21055,21255,21255
21056,21056,21256,21256
21057,21057,21257,21257
21058,21058,21258,21258
21059,21059,21259,21259
21060,21060,21260,21260
21061,21061,21261,21261
21062,21062,21262,21262
21063,21163,21263,21263
21064,21064,21264,21264
21065,21065,21265,21265
21066,21066,21266,21266
21067,21167,21267,21267
21068,21168,21268,21268
21069,21169,21269,21269
21070,21070,21270,21270
21171,21171,21271,21271
21072,21172,21272,21272
21173,21173,21273,21273
21174,21174,21274,21274
21124,21124,21324,21324
